###ENTRADA###
165
###SALIDA###
Ingrese un número: 165
496
248
124
62
31
94
47
142
71
214
107
322
161
484
242
121
364
182
91
274
137
412
206
103
310
155
466
233
700
350
175
526
263
790
395
1186
593
1780
890
445
1336
668
334
167
502
251
754
377
1132
566
283
850
425
1276
638
319
958
479
1438
719
2158
1079
3238
1619
4858
2429
7288
3644
1822
911
2734
1367
4102
2051
6154
3077
9232
4616
2308
1154
577
1732
866
433
1300
650
325
976
488
244
122
61
184
92
46
23
70
35
106
53
160
80
40
20
10
5
16
8
4
2
1
###ENTRADA###
541
###SALIDA###
Ingrese un número: 541
1624
812
406
203
610
305
916
458
229
688
344
172
86
43
130
65
196
98
49
148
74
37
112
56
28
14
7
22
11
34
17
52
26
13
40
20
10
5
16
8
4
2
1
###ENTRADA###
270
###SALIDA###
Ingrese un número: 270
135
406
203
610
305
916
458
229
688
344
172
86
43
130
65
196
98
49
148
74
37
112
56
28
14
7
22
11
34
17
52
26
13
40
20
10
5
16
8
4
2
1
###ENTRADA###
551
###SALIDA###
Ingrese un número: 551
1654
827
2482
1241
3724
1862
931
2794
1397
4192
2096
1048
524
262
131
394
197
592
296
148
74
37
112
56
28
14
7
22
11
34
17
52
26
13
40
20
10
5
16
8
4
2
1
###ENTRADA###
40
###SALIDA###
Ingrese un número: 40
20
10
5
16
8
4
2
1
###ENTRADA###
170
###SALIDA###
Ingrese un número: 170
85
256
128
64
32
16
8
4
2
1
###ENTRADA###
704
###SALIDA###
Ingrese un número: 704
352
176
88
44
22
11
34
17
52
26
13
40
20
10
5
16
8
4
2
1
###ENTRADA###
71
###SALIDA###
Ingrese un número: 71
214
107
322
161
484
242
121
364
182
91
274
137
412
206
103
310
155
466
233
700
350
175
526
263
790
395
1186
593
1780
890
445
1336
668
334
167
502
251
754
377
1132
566
283
850
425
1276
638
319
958
479
1438
719
2158
1079
3238
1619
4858
2429
7288
3644
1822
911
2734
1367
4102
2051
6154
3077
9232
4616
2308
1154
577
1732
866
433
1300
650
325
976
488
244
122
61
184
92
46
23
70
35
106
53
160
80
40
20
10
5
16
8
4
2
1
###ENTRADA###
216
###SALIDA###
Ingrese un número: 216
108
54
27
82
41
124
62
31
94
47
142
71
214
107
322
161
484
242
121
364
182
91
274
137
412
206
103
310
155
466
233
700
350
175
526
263
790
395
1186
593
1780
890
445
1336
668
334
167
502
251
754
377
1132
566
283
850
425
1276
638
319
958
479
1438
719
2158
1079
3238
1619
4858
2429
7288
3644
1822
911
2734
1367
4102
2051
6154
3077
9232
4616
2308
1154
577
1732
866
433
1300
650
325
976
488
244
122
61
184
92
46
23
70
35
106
53
160
80
40
20
10
5
16
8
4
2
1
###ENTRADA###
150
###SALIDA###
Ingrese un número: 150
75
226
113
340
170
85
256
128
64
32
16
8
4
2
1